0 0 0 0 0
0 0 0 0 0
6,45 0 3,15 0 0
0 0 0 0 0
0 0 0 0 0
6,55 0 3,3 0 0
0 0,05 0,05
0 0 0
0 3,8 32,95
0 0 0 0 0
0 0 0 0 0
3,3 0 1,3 0 0
0 0 0,05
0 0 0
0 2 19
0 0 0 0 0
0 0 0 0 0
2,25 0 1,7 0 0
179,3 0 174,05 0 0
0 0 0 0 0
0 0 0 0 0
2,1 0 1,25 0 0
180,4 0 174,5 0 0
0 0 0 0 0
0 0 0 0 0
3,6 0 1,1 0 0
0 0 0 0 0
0 0 0 0 0
3,35 0 1,25 0 0
0 0 0 0 0
0 0 0 0 0
3,4 0 1,3 0 0
0 0 0 0 0
0 0 0 0 0
3,5 0 1,5 0 0
0 0 0 0 0
0 0 0 0 0
3,1 0 1,35 0 0
0 0 0 0 0
0 0 0 0 0
4,8 0 2,05 0 0
0 0 0 0 0
0 0 0 0 0
3,85 0 1,35 0 0
0 0 0 0 0
0 0 0 0 0
3,65 0 1 0 0
0 0 0 0 0
0 0 0 0 0
3,8 0 1,3 0 0
0 0 0 0 0
0 0 0 0 0
3,65 0 1,2 0 0
0 0 0 0 0
0 0 0 0 0
3,9 0 2 0 0
155,65 2 166,55 1 0 0
0 0 0 0 0
0 0 0 0 0
2,15 0 1 0 0
0 0 0 0 0
0 0 0 0 0
2,1 0 1 0 0
2 0 1 0 0
